		Accuracy	Precision	Recall	F1_score	time	tuning_time
NB		0.4636	0.7319	0.4636	0.5006	0.124	21.483
MLP		0.6387	0.8333	0.6387	0.6995	6.154	1614.490
LR		0.6416	0.837	0.6416	0.7017	9.055	1370.052
SVM		0.6425	0.8324	0.6425	0.7024	505.699	0.0
DT		0.9686	0.9685	0.9686	0.9683	0.178	37.916
AdaBoost (stacked)	0.9451	0.9642	0.9451	0.9533	49.518	1146.872
XGBoost (stacked)	0.9692	0.9691	0.9692	0.9689	7.561	499.621
GraBoost (stacked)	0.9693	0.9692	0.9693	0.969	817.210	38806.246
LightBoost (stacked)0.9693	0.9692	0.9693	0.968	6.729	479.718
CatBoost (stacked)	0.9796	0.9794	0.9796	0.9791	39.287	2784.225
